20160114185540
20160214185535
20160429222651
20160531015619
20160711192400
20160722030047
20160812084514
20160822220638
20160912170348
20160923004745
20160924082937
20161014005205
20161026051001
20161114112322
20161216053141
20170516200319
20170529032559
20170618003353
20170629083827
20170719064835
20170730124139
20170819124729
20170830150856
20170919194556
20170930155143
20171021173825
20171101021651
20171122005951
20171202172600
20171223113619
20180102193741
20180123164705
20180125090354
20180125231003
20180203095832
20180205183056
20180307034125
20180309094023
20180324204109
20180407085706
20180410080730
20180508172655
20180513063251
20180608200002
20180613224425
20180709205602
20180715084918
20180809211525
20180812120852
20180813153744
20180910001550
20180913173424
20181011212614
20181014232031
20181112230008
20181214014211
20181216141927
20190115020242
20190117084237
20190216150214
20190218021858
20190320015012
20190321061837
20190420151340
20190421203954
20190521195054
20190522231022
20190622162250
20190622200530
20190622200817
20190723170751
20190724093427
20190823171838
20190924030537
20191002041137
20191021234643
20191111112808
20191121095228
20191221161227
20200120202752
20200220001603
20200311094516
20200326092808
20200415084520
20200815203915
20210308133509
20210417032334
20210507140819
20210507141304
20210625074800
20210625075309
20210729095348
20210729095845
20210920085209
20211017132903
20211017133419
20211207221525
20211207222013
20220122213408
20220122213849
20220406021850
20220406022052
20220406043623
20220423164656
20220423173025
20220508125443
20220516225121
20220810151239
20221006005209
20221120012903
20221120012948
20221201175729
20230414151447
20231201112243
20240224015615
20240622170253
20240901172327
20241122173219
20250328071548
20250702225500
20250702232400
20250814134806
20251006005025
20251109074411
20251211065048
