20070614095552
20070809021309
20070812003314
20070817223706
20070830163946
20070902062436
20080723135726
20080725045011
20090209023418
20090418031846
20090618122047
20090916090131
20110429192647
20110714011512
20110715200057
20110809001045
20110903111810
20111016155207
20120103101616
20120127083640
20120128124417
20120129165208
20120201064309
20120201151810
20120202000609
20120202092608
20120203145524
20120204055126
20120204215333
20120205085834
20120207071151
20120208101325
20120209090116
20120210141851
20120211122913
20120212122701
20120213022736
20120213205050
20120215074705
20120216105546
20120217040502
20120217155625
20120219095827
20120219202614
20120222083933
20120224122959
20120226135503
20120227031435
20120227160520
20120306034639
20120306205638
20120308161147
20120309134819
20120310122248
20120311131547
20120314125751
20120316133610
20120318155138
20120319131949
20120320104056
20120321120401
20120325145011
20120326200541
20120328134024
20120406225847
20120407173239
20120408131822
20120410143836
20120413032950
20120414054946
20120415165232
20120417205858
20120506084343
20120506084508
20120723095727
20121023231510
20121025120058
20130120053950
20130320141202
20130511153951
20130617080709
20130729210620
20130808055119
20130810193133
20131029132734
20140328202619
20140702071840
20140717134455
20140723045938
20150201113833
20150219105917
20150317232236
20150320133345
20150323033135
20150423105536
20150501162553
20150524140824
20150602192758
20150629125910
20150703174254
20150811045402
20151008022002
20151208042515
